1 65535 289.000000 75.000000
1 65535 292.000000 80.000015
1 65535 301.000000 89.000000
1 65535 308.000000 95.000000
1 65535 332.000000 110.000000
1 65535 357.000000 124.000000
1 65535 379.000000 135.000000
1 65535 379.000000 135.000000
1 65535 389.000000 140.000015
1 65535 408.000031 150.000000
1 65535 426.999969 160.000000
1 65535 447.000000 171.000000
1 65535 468.000000 182.000000
1 65535 468.000000 182.000000
1 65535 478.999969 187.000000
1 65535 499.000000 198.000000
1 65535 515.000000 207.000000
1 65535 529.000000 216.000000
1 65535 536.000000 221.000000
1 65535 544.000000 225.000000
1 65535 552.000000 230.000000
1 65535 571.000000 240.000000
1 65535 589.000000 248.000000
1 65535 598.000000 251.000000
1 65535 614.000000 257.000000
1 65535 633.000000 260.000000
1 65535 645.000000 260.000000
1 65535 649.000000 260.000000
1 65535 653.000000 260.000000
1 65535 655.000000 260.000000
1 65535 656.000000 260.000000
1 65535 657.000000 260.000000
1 4278190335 341.000000 272.000000
1 4278190335 341.000000 279.000000
1 4278190335 341.000000 300.000031
1 4278190335 336.000000 332.000000
1 4278190335 332.000000 349.000000
1 4278190335 328.000000 375.000000
1 4278190335 325.000000 386.000000
1 4278190335 324.000000 390.000000
1 4278190335 324.000000 390.000000
1 4278190335 324.000000 391.000000
1 4278190335 323.000000 394.000000
1 4278190335 322.000000 397.000000
1 4278190335 322.000000 398.000000
1 4278190335 322.000000 401.000000
1 4278190335 322.000000 404.000000
1 4278190335 322.000000 407.000000
1 4278190335 322.000000 409.000000
1 4278190335 324.000000 411.000000
1 4278190335 330.000000 414.000000
1 4278190335 340.000000 418.000000
1 4278190335 348.000000 420.000000
1 4278190335 363.000000 422.000000
1 4278190335 377.000000 423.000000
1 4278190335 391.000000 423.000000
1 4278190335 397.999969 423.000000
1 4278190335 410.000031 423.000000
1 4278190335 423.000000 423.000000
1 4278190335 437.000000 423.000000
1 4278190335 443.000000 423.000000
1 4278190335 455.000000 423.000000
1 4278190335 468.000000 424.000000
1 4278190335 481.000031 424.000000
1 4278190335 492.000000 424.000000
1 4278190335 497.000000 424.000000
1 4278190335 508.000000 426.000000
1 4278190335 515.000000 427.000000
1 4278190335 520.000000 428.000000
1 4278190335 522.000000 428.000000
1 4278190335 525.000000 429.000000
1 4278190335 527.000000 429.000000
1 4278190335 529.000000 429.000000
0 4278190335 341.000000 508.000000
0 4278190335 355.000000 500.000000
0 4278190335 364.000000 496.000000
0 4278190335 386.000000 487.000000
0 4278190335 408.000031 480.000000
0 4278190335 430.000000 475.000000
0 4278190335 442.000000 473.000000
0 4278190335 463.000000 470.000000
0 4278190335 480.000000 468.000000
0 4278190335 501.000000 466.000000
0 4278190335 509.000000 466.000000
0 4278190335 526.000000 465.000000
0 4278190335 543.000000 465.000000
0 4278190335 556.000000 465.000000
0 4278190335 563.000000 465.000000
0 4278190335 574.000000 465.000000
0 4278190335 583.000000 465.000000
0 4278190335 587.000000 465.000000
0 4278190335 594.000000 466.000000
0 4278190335 601.000000 468.000000
0 4278190335 604.000000 469.000000
0 4278190335 606.000000 470.000000
0 4278190335 609.000000 470.000000
0 4278190335 614.000000 470.000000
0 4278190335 617.000000 470.000000
0 4278190335 621.000000 466.000000
0 4278190335 627.000000 457.000000
0 4278190335 635.000000 443.000000
0 4278190335 638.000000 437.000000
0 4278190335 645.000000 425.000000
0 4278190335 651.000000 414.000000
0 4278190335 652.000000 405.000000
0 4278190335 654.000000 376.000000
0 4278190335 657.000000 346.000000
0 4278190335 658.000000 333.000000
0 4278190335 659.000000 321.000000
0 4278190335 660.000000 311.000000
0 4278190335 661.000000 296.000000
0 4278190335 661.000000 283.000000
0 4278190335 662.000000 276.000000
0 4278190335 663.000000 263.000000
0 4278190335 663.000000 249.000000
0 4278190335 663.000000 244.000000
0 4278190335 663.000000 238.000000
0 16711935 340.000000 505.000000
0 16711935 346.000000 503.000000
0 16711935 355.000000 499.000000
0 16711935 377.000000 487.000000
0 16711935 396.000000 476.000000
0 16711935 403.000000 471.000000
0 16711935 420.000000 462.000000
0 16711935 440.000000 454.000000
0 16711935 462.000000 451.000000
0 16711935 472.000000 450.000000
0 16711935 488.000000 450.000000
0 16711935 500.000000 451.000000
0 16711935 511.000000 455.000000
0 16711935 511.000000 455.000000
0 16711935 518.000000 456.000000
0 16711935 534.000000 460.000000
0 16711935 550.000000 466.000000
0 16711935 557.000000 469.000000
0 16711935 571.000000 477.000000
0 16711935 584.000000 484.000000
0 16711935 595.000000 489.000000
0 16711935 601.000000 492.000000
0 16711935 612.000000 496.000000
0 16711935 622.000000 499.000000
0 16711935 626.000000 500.000000
0 16711935 633.000000 500.000000
0 16711935 637.000000 500.000000
0 16711935 644.000000 500.000000
0 16711935 647.000000 499.000000
0 16711935 654.000000 490.000000
0 16711935 663.000000 477.000000
0 16711935 666.000000 469.000000
0 16711935 669.000000 461.000000
0 16711935 671.000000 452.000000
0 16711935 675.000000 437.000000
0 16711935 676.000000 422.000000
0 16711935 676.000000 415.000000
0 16711935 676.000000 403.000000
0 16711935 675.000000 391.000000
0 16711935 673.000000 374.000000
0 16711935 671.000000 367.000000
0 16711935 669.000000 358.000000
0 16711935 668.000000 343.000000
0 16711935 667.000000 335.000000
0 16711935 667.000000 326.000000
0 16711935 667.000000 323.000000
0 16711935 667.000000 318.000000
0 16711935 667.000000 312.000000
0 16711935 667.000000 296.000000
0 16711935 667.000000 274.000000
0 16711935 668.000000 264.000000
0 16711935 668.000000 249.000000
0 16711935 668.000000 242.000000
0 16711935 668.000000 239.000000
0 16711935 668.000000 238.000000
0 4294902015 297.000000 221.000000
0 4294902015 297.000000 218.000000
0 4294902015 302.000000 211.000000
0 4294902015 322.000000 193.000000
0 4294902015 337.000000 183.000000
0 4294902015 374.000000 166.000000
0 4294902015 414.000000 156.000000
0 4294902015 433.000031 154.000000
0 4294902015 469.000000 156.000000
0 4294902015 498.000000 162.000000
0 4294902015 518.000000 168.000000
0 4294902015 526.000000 172.000000
0 4294902015 544.000000 180.000000
0 4294902015 558.000000 191.000000
0 4294902015 571.000000 199.000000
0 4294902015 576.000000 203.000000
0 4294902015 582.000000 206.000000
0 4294902015 584.000000 207.000000
0 4294902015 585.000000 208.000000
0 4278255615 516.000000 330.000000
0 4278255615 516.000000 330.000000
0 4278255615 515.000000 329.000000
0 4278255615 511.000000 316.000000
0 4278255615 505.000000 289.000000
0 4278255615 502.000000 272.000000
0 4278255615 499.000000 258.000000
0 4278255615 497.000000 242.000000
0 4278255615 493.000000 211.000000
0 4278255615 491.000000 192.000000
0 4278255615 491.000000 186.000000
0 4278255615 491.000000 181.000000
0 4278255615 492.000000 173.000000
0 4278255615 494.000000 167.000000
0 4278255615 503.000000 150.000000
0 4278255615 518.000000 126.000000
0 4278255615 526.000000 116.000015
0 4278255615 533.000000 105.999985
0 4278255615 541.000000 99.000000
0 4278255615 554.000000 89.000000
0 4278255615 563.000000 84.000015
0 4278255615 566.000000 82.000015
0 4278255615 576.000000 78.000000
0 4278255615 586.000000 76.000000
0 4278255615 596.000000 75.000000
0 4278255615 600.000000 75.000000
0 4278255615 606.000000 75.000000
0 4278255615 609.000000 74.000000
0 4278255615 610.000000 74.000000
0 4278255615 612.000000 74.000000
